0.00000038538536628159029034560540891152236042671575
0.00000404654634595664579728392304391881850733625470
0.00002774774637227353952248845581074476740468526259
0.00013972972280323854360126190066182516602566465735
0.00055093433562419487966449471727514719532337039709
0.00177086036450635887599946993731236943858675658703
0.00477048098193544323208925561630167067050933837891
0.01098914369052972871132478616118532954715192317963
0.02197828738105945742264957232237065909430384635925
0.03861899068386172306777126550514367409050464630127
0.06018544002679655779974865481563028879463672637939
0.08382972003732515331453356566271395422518253326416
0.10501745147533092517022623724187724292278289794922
0.11894833789552834713010298628432792611420154571533
0.12234686183539858483904083641391480341553688049316
0.11470018297068843016184302996407495811581611633301
0.09831444254630185286547572331983246840536594390869
0.07724706200066751293764610863945563323795795440674
0.05575727783506827933690530585408851038664579391479
0.03703876313329472480528892219808767549693584442139
0.02267679375507833036684779415281809633597731590271
0.01281091595254429255090755646051547955721616744995
0.00668395614915367163033632635915637365542352199554
0.00322262171477047908163537925929631455801427364349
0.00143636853572625604151535849695164870354346930981
0.00059191011087621485560472667231124432873912155628
0.00022548956604808079911064777611784393229754641652
0.00007938153090468057400397317024953736108727753162
0.00002580877359462513726440398287298449986337800510
0.00000774263207838756997844140150810687828197842464
0.00000214081992950810550728414811960664820844613132
0.00000054476221420519171976750870053929354241972760
0.00000012734701111289905841475011798180627664578424
0.00000002728864523847897941058370722793025020536106
0.00000000534634682223257013998656998277417273790491
0.00000000095470478968438826355172013355581198124078
0.00000000015481699292179297223693962158770371512206
0.00000000002269873204492482984400651727691398474099
0.00000000000299323939053948478023898440313030512713
0.00000000000035277464245643545507646529083743745201
0.00000000000003687539816617829388206852981368565117
0.00000000000000338651615811843929555487441233854455
0.00000000000000027002122190977828838019152813721111
0.00000000000000001841053785748486873161566118953503
0.00000000000000000105203073471341050527662857227961
0.00000000000000000004900764292143339877322176217926
0.00000000000000000000178751281172394230311028267524
0.00000000000000000000004787980745689211438516784745
0.00000000000000000000000083754765230715728450909458
0.00000000000000000000000000717897987691845862166636
