0.0000003854 0.0000040465 0.0000277477
0.0001397297 0.0005509343 0.0017708604
0.0047704810 0.0109891437 0.0219782874
0.0386189907 0.0601854400 0.0838297200
0.1050174515 0.1189483379 0.1223468618
0.1147001830 0.0983144425 0.0772470620
0.0557572778 0.0370387631 0.0226767938
0.0128109160 0.0066839561 0.0032226217
0.0014363685 0.0005919101 0.0002254896
0.0000793815 0.0000258088 0.0000077426
0.0000021408 0.0000005448 0.0000001273
0.0000000273 0.0000000053 0.0000000010
0.0000000002 0.0000000000 0.0000000000
0.0000000000 0.0000000000 0.0000000000
0.0000000000 0.0000000000 0.0000000000
0.0000000000 0.0000000000 0.0000000000
0.0000000000 0.0000000000 0.0000108868
0.0000393803 0.0001295079 0.0003872148
0.0010525590 0.0026012348 0.0058445527
0.0119388261 0.0221722920 0.0374367532
0.0574677750 0.0802027408 0.1017636458
0.1173909796 0.1231162606 0.1173909796
0.1017636458 0.0802027408 0.0574677750
0.0374367532 0.0221722920 0.0119388261
0.0058445527 0.0026012348 0.0010525590
0.0003872148 0.0001295079 0.0000393803
0.0000108868 0.0000027363 0.0000006253
0.0000001299 0.0000000245 0.0000000042
0.0000000007 0.0000000001 0.0000000000
0.0000000000 0.0000000000 0.0000000000
0.0000000000 0.0000000000 0.0000000000
0.0000000000 0.0000000000 0.0000000000
0.0000000000 0.0000000000 0.0000000000
0.0000000000 0.0000045885 0.0000344140
0.0001720701 0.0006452627 0.0019357881
0.0048394703 0.0103702935 0.0194443003
0.0324071672 0.0486107508 0.0662873875
0.0828592344 0.0956068089 0.1024358667
0.1024358667 0.0960336250 0.0847355515
0.0706129596 0.0557470733 0.0418103050
0.0298645036 0.0203621615 0.0132796706
0.0082997941 0.0049798765 0.0028730057
0.0015961143 0.0008550612 0.0004422730
0.0002211365 0.0001070015 0.0000501570
0.0000227986 0.0000100582 0.0000043107
0.0000017961 0.0000007282 0.0000002874
0.0000001105 0.0000000415 0.0000000152
0.0000000054 0.0000000019 0.0000000006
0.0000000002 0.0000000001 0.0000000000
0.0000000000 0.0000000000 0.0000000000
