0.0000003854
0.0000040465
0.0000277477
0.0001397297
0.0005509343
0.0017708604
0.0047704810
0.0109891437
0.0219782874
0.0386189907
0.0601854400
0.0838297200
0.1050174515
0.1189483379
0.1223468618
0.1147001830
0.0983144425
0.0772470620
0.0557572778
0.0370387631
0.0226767938
0.0128109160
0.0066839561
0.0032226217
0.0014363685
0.0005919101
0.0002254896
0.0000793815
0.0000258088
0.0000077426
0.0000021408
0.0000005448
0.0000001273
0.0000000273
0.0000000053
0.0000000010
0.0000000002
0.0000000000
0.0000000000
0.0000000000
0.0000000000
0.0000000000
0.0000000000
0.0000000000
0.0000000000
0.0000000000
0.0000000000
0.0000000000
0.0000000000
0.0000000000
