0.0000108868
0.0000393803
0.0001295079
0.0003872148
0.0010525590
0.0026012348
0.0058445527
0.0119388261
0.0221722920
0.0374367532
0.0574677750
0.0802027408
0.1017636458
0.1173909796
0.1231162606
0.1173909796
0.1017636458
0.0802027408
0.0574677750
0.0374367532
0.0221722920
0.0119388261
0.0058445527
0.0026012348
0.0010525590
0.0003872148
0.0001295079
0.0000393803
0.0000108868
0.0000027363
0.0000006253
0.0000001299
0.0000000245
0.0000000042
0.0000000007
0.0000000001
0.0000000000
0.0000000000
0.0000000000
0.0000000000
0.0000000000
0.0000000000
0.0000000000
0.0000000000
0.0000000000
0.0000000000
0.0000000000
0.0000000000
0.0000000000
0.0000000000
