0.0000045885
0.0000344140
0.0001720701
0.0006452627
0.0019357881
0.0048394703
0.0103702935
0.0194443003
0.0324071672
0.0486107508
0.0662873875
0.0828592344
0.0956068089
0.1024358667
0.1024358667
0.0960336250
0.0847355515
0.0706129596
0.0557470733
0.0418103050
0.0298645036
0.0203621615
0.0132796706
0.0082997941
0.0049798765
0.0028730057
0.0015961143
0.0008550612
0.0004422730
0.0002211365
0.0001070015
0.0000501570
0.0000227986
0.0000100582
0.0000043107
0.0000017961
0.0000007282
0.0000002874
0.0000001105
0.0000000415
0.0000000152
0.0000000054
0.0000000019
0.0000000006
0.0000000002
0.0000000001
0.0000000000
0.0000000000
0.0000000000
0.0000000000
