18
12
17
15
11
15
12
21
8
12
9
14
14
13
11
17
15
17
14
14
16
12
17
18
15
12
13
14
17
14
14
13
14
14
9
14
16
9
16
18
12
12
15
17
18
15
14
14
11
14
17
16
22
13
15
13
18
16
10
15
15
14
18
11
21
13
15
13
16
9
16
17
19
14
12
16
11
18
16
12
9
13
11
15
19
14
16
17
13
17
11
12
25
9
12
15
15
16
17
11
12
15
13
17
17
11
11
8
12
16
14
12
14
20
17
9
13
12
18
15
13
14
19
14
21
13
10
14
15
12
15
19
17
12
18
12
12
12
14
19
18
8
13
14
11
15
16
12
17
14
15
19
14
15
14
17
16
18
10
18
14
16
19
20
12
15
14
12
22
10
14
13
10
23
16
16
17
14
13
16
14
11
18
8
15
16
14
9
15
15
13
13
16
12
14
17
16
13
12
12
17
11
15
15
16
11
17
19
14
15
19
13
11
16
19
29
8
17
14
14
11
12
14
15
15
16
14
15
16
17
15
15
16
15
18
14
14
10
9
15
13
18
13
14
17
18
17
14
17
20
13
19
14
13
15
18
17
14
19
19
13
14
15
18
17
16
12
12
14
18
22
18
11
19
13
16
14
17
13
14
14
21
14
10
14
17
14
17
21
16
15
15
13
9
16
15
11
17
13
14
13
21
17
17
18
16
15
21
9
20
17
16
14
18
12
12
15
21
11
13
17
15
20
15
14
15
12
19
16
13
21
22
9
18
16
14
8
18
16
15
13
11
17
9
8
14
14
18
6
19
16
12
14
14
15
13
17
17
17
11
11
15
17
15
13
15
17
14
14
18
19
13
13
12
15
16
22
8
11
17
16
18
19
17
14
17
12
8
17
14
10
21
13
12
14
14
10
20
11
13
16
15
19
7
15
16
11
14
17
17
11
13
18
17
14
9
15
20
17
20
16
20
19
7
18
15
20
13
16
13
17
17
20
15
14
7
14
15
17
13
10
14
14
14
14
15
19
15
17
14
14
19
13
15
14
10
13
18
16
16
11
13
12
16
24
14
17
15
16
8
15
16
10
11
16
17
22
14
15
19
9
9
15
18
19
19
20
23
15
13
16
12
20
21
20
10
11
19
11
19
13
13
15
17
18
20
12
15
10
19
11
20
13
11
20
16
16
15
12
21
20
22
15
15
12
12
10
18
13
14
19
17
17
15
11
19
11
8
18
16
17
16
15
11
15
16
10
18
11
14
17
17
13
11
16
13
15
15
12
18
11
13
13
19
21
15
10
15
13
9
19
16
17
16
11
13
15
21
8
13
19
12
15
9
18
22
17
17
11
21
13
16
19
15
14
13
18
14
15
13
16
17
15
9
14
18
17
21
16
18
18
19
14
17
15
13
17
14
12
17
18
9
9
12
16
15
18
13
21
12
20
17
19
13
20
11
13
16
13
4
14
18
14
17
13
12
11
11
18
17
16
16
17
13
17
12
13
8
20
13
19
17
19
14
13
10
14
13
16
12
12
16
16
19
13
14
17
18
16
18
20
14
21
17
14
22
14
13
15
11
14
13
20
19
12
15
13
10
13
17
18
14
18
18
17
18
12
14
14
17
13
18
8
18
13
18
20
11
13
17
19
11
14
15
13
16
14
18
14
20
12
13
21
17
15
15
16
15
17
14
15
21
17
14
12
14
17
16
16
13
17
22
11
16
18
16
11
16
21
17
13
15
14
20
16
14
17
16
16
20
19
14
13
14
19
16
16
12
16
16
19
16
15
10
15
11
19
22
11
14
10
12
16
20
15
17
13
20
15
17
11
17
12
10
16
19
11
16
16
19
11
13
15
10
14
16
12
16
15
21
15
10
15
17
14
18
13
18
11
15
11
6
19
18
12
13
17
17
16
16
16
16
15
16
16
19
16
23
17
13
20
20
17
15
15
20
16
14
10
14
15
15
17
16
18
18
8
11
14
10
23
12
19
11
13
14
14
17
23
14
13
14
18
19
15
17
20
10
18
15
15
12
19
17
17
12
15
13
15
15
10
10
13
13
9
15
17
11
14
18
14
14
18
13
14
18
17
16
17
14
10
12
20
19
8
18
10
14
15
18
10
22
16
10
14
10
23
18
17
21
13
20
13
13
13
15
10
15
9
10
12
14
15
13
12
16
13
16
17
13
17
12
17
17
15
8
12
18
13
21
18
19
8
15
14
16
19
15
16
13
12
14
12
16
16
12
14
19
15
12
13
16
17
14
14
18
17
17
15
15
