0.00001088680018124228807575165633991787217382807285
0.00003938028650424004308092801318608167093771044165
0.00012950785543570074182656570727090183936525136232
0.00038721482186240705142613038880483600223669782281
0.00105255901397858825548070615951701256562955677509
0.00260123481219661726454583927647945529315620660782
0.00584455272645881523246869093668465211521834135056
0.01193882606793521955479420171286619734019041061401
0.02217229203714984539508314753675222164019942283630
0.03743675316091670673968039295687049161642789840698
0.05746777496394127326961864810073166154325008392334
0.08020274078172774656625421130229369737207889556885
0.10176364583382657702514961783890612423419952392578
0.11739097958680572153511434407846536487340927124023
0.12311626061491454109386722848284989595413208007812
0.11739097958680572153511434407846536487340927124023
0.10176364583382657702514961783890612423419952392578
0.08020274078172774656625421130229369737207889556885
0.05746777496394127326961864810073166154325008392334
0.03743675316091670673968039295687049161642789840698
0.02217229203714984539508314753675222164019942283630
0.01193882606793521955479420171286619734019041061401
0.00584455272645881523246869093668465211521834135056
0.00260123481219661726454583927647945529315620660782
0.00105255901397858825548070615951701256562955677509
0.00038721482186240705142613038880483600223669782281
0.00012950785543570074182656570727090183936525136232
0.00003938028650424004308092801318608167093771044165
0.00001088680018124228807575165633991787217382807285
0.00000273627821645730475217219226924392216915293830
0.00000062525744985191343127284985259350946762424428
0.00000012989610170476620303834378380991587675907795
0.00000002453420451573697271364178553593182741110468
0.00000000421295155788553893140048218352022857402517
0.00000000065771776222796747929513072136883077012381
0.00000000009335364857711401812590291745424554703536
0.00000000001204652102367374072686076883361325456749
0.00000000000141328780083426422633571426902215372227
0.00000000000015074336246467184932905593137470893144
0.00000000000001461788050069654357610504004522685336
0.00000000000000128875165771897771395439217296090097
0.00000000000000010329818417706442413987921383847972
0.00000000000000000752756923374189711980421897378828
0.00000000000000000049871846766045239562009596089921
0.00000000000000000003003964273789902506429190734799
0.00000000000000000000164502573617112423090668821520
0.00000000000000000000008190100879364749334521185713
0.00000000000000000000000370718642511799062746483038
0.00000000000000000000000015255913653444823901091032
0.00000000000000000000000000570782485901380559067605
