0.00000458853480752738890601763119270195545595925068
0.00003441401105645542653601112736971856520540313795
0.00017207005528227701748357481026374671273515559733
0.00064526270730853895786494067721150713623501360416
0.00193578812192561752411612552293718181317672133446
0.00483947030481403535351336842040836927480995655060
0.01037029351031581135555992290164795122109353542328
0.01944430033184211398245011537255777511745691299438
0.03240716721973685432445222431852016597986221313477
0.04861075082960524679220881694163836073130369186401
0.06628738749491638881927713100594701245427131652832
0.08285923436864510438493169885987299494445323944092
0.09560680888689862544360664742271183058619499206543
0.10243586666453426137213256197355804033577442169189
0.10243586666453426137213256197355804033577442169189
0.09603362499800054130627557924526627175509929656982
0.08473555146882411071018736947735305875539779663086
0.07061295955735365226235700220058788545429706573486
0.05574707333475282383661308927003119606524705886841
0.04181030500106466124554671637270075734704732894897
0.02986450357218885937049535073128936346620321273804
0.02036216152649248170569684646125097060576081275940
0.01327967056075597153397271910080235102213919162750
0.00829979410047251842108551045384956523776054382324
0.00497987646028344964344025669333859696052968502045
0.00287300565016354635464179700932163541438058018684
0.00159611425009087101213600679017190486774779856205
0.00085506120540581318553025047535243174934294074774
0.00044227303727886887411285821158912767714355140924
0.00022113651863943400337556011159279023559065535665
0.00010700154127714677561745287848182783818629104644
0.00005015697247366281407441115924861207986396038905
0.00002279862385166445069828965175329216208410798572
0.00001005821640514632473730697453939697538771724794
0.00000431066417363409016622532651807908621321985265
0.00000179611007234754011035939447876730312714244064
0.00000072815273203278602758556966451086722713625932
0.00000028742871001294711630100566814027818196564112
0.00000011054950385113150576512074411625330405684053
0.00000004145606394417398213531403272646969071502099
0.00000001516685266250277500703767439259317395539028
0.00000000541673309375102427933518762603708196490260
0.00000000188955805595967505058811106144738695133967
0.00000000064416751907716316163570853618172348808990
0.00000000021472250635905182812188275946453869594266
0.00000000007001820859534438273638905822737451070670
0.00000000002234623678574748546696166799830116740308
0.00000000000698319899554615564944640258396741381089
0.00000000000213771397822846862232998602297444660451
0.00000000000064131419346852697537739276146623868522
